vModel=422
rType=0
vPosX_0=2111.591064
vPosY_0=-1958.460693
vPosZ_0=13.532840
vAngle_0=87.751602
vPosX_1=2111.316162
vPosY_1=-1953.610839
vPosZ_1=13.541707
vAngle_1=89.751296
CP_0_PosX=2004.395141
CP_0_PosY=-1955.029663
CP_0_PosZ=13.551004
CP_1_PosX=1936.986816
CP_1_PosY=-1931.781494
CP_1_PosZ=13.362921
CP_2_PosX=1827.622314
CP_2_PosY=-1930.660766
