vModel=411
rType=0
vPosX_0=2509.851562
vPosY_0=1909.000976
vPosZ_0=10.398958
vAngle_0=180.635513
vPosX_1=2504.961181
vPosY_1=1907.510498
vPosZ_1=10.398950
vAngle_1=178.850204
CP_0_PosX=2507.410156
CP_0_PosY=1855.794799
CP_0_PosZ=10.398975
CP_1_PosX=2507.475341
CP_1_PosY=1804.024658
CP_1_PosZ=10.402580
CP_2_PosX=2460.200683
CP_2_PosY=1713.242919
CP_2_PosZ=10.398979
CP_3_PosX=2420.236572
CP_3_PosY=1668.708007
CP_3_PosZ=10.547377
CP_4_PosX=2427.468994
CP_4_PosY=1595.408813
CP_4_PosZ=10.397021
CP_5_PosX=2426.455566
CP_5_PosY=1500.097045
CP_5_PosZ=10.401024
CP_6_PosX=2480.341552
CP_6_PosY=1472.759765
CP_6_PosZ=10.398976
CP_7_PosX=2565.898925
CP_7_PosY=1475.098999
CP_7_PosZ=10.577809
CP_8_PosX=2564.905273
CP_8_PosY=1503.096801
CP_8_PosZ=10.399077
CP_9_PosX=2500.685302
CP_9_PosY=1531.109497
CP_9_PosZ=10.400992
CP_10_PosX=2558.860107
CP_10_PosY=1611.536621
CP_10_PosZ=10.390924
CP_11_PosX=2606.636962
CP_11_PosY=1564.892089
CP_11_PosZ=10.398969
CP_12_PosX=2626.568359
CP_12_PosY=1473.212280
CP_12_PosZ=10.385162
CP_13_PosX=2727.625732
CP_13_PosY=1472.600219
CP_13_PosZ=13.412827
CP_14_PosX=2821.675781
CP_14_PosY=1471.417846
CP_14_PosZ=10.437671
CP_15_PosX=2827.093017
CP_15_PosY=1362.422241
CP_15_PosZ=10.477115
CP_16_PosX=2829.048828
CP_16_PosY=1269.819213
CP_16_PosZ=10.497789
CP_17_PosX=2806.257080
CP_17_PosY=1286.493896
CP_17_PosZ=10.483175
CP_18_PosX=2818.736083
CP_18_PosY=1317.386962
CP_18_PosZ=10.481146
CP_19_PosX=2830.030517
CP_19_PosY=1299.439453
CP_19_PosZ=10.499393
CP_20_PosX=2826.763427
CP_20_PosY=1269.477905
CP_20_PosZ=10.494502
CP_21_PosX=2809.429931
CP_21_PosY=1272.145751
CP_21_PosZ=10.476999
CP_22_PosX=2810.535400
CP_22_PosY=1295.671752
CP_22_PosZ=10.476140
CP_23_PosX=2778.368408
CP_23_PosY=1314.958740
CP_23_PosZ=10.481587
CP_24_PosX=2673.313476
CP_24_PosY=1313.802001
CP_24_PosZ=11.537217
CP_25_PosX=2607.565185
CP_25_PosY=1211.761962
CP_25_PosZ=10.398975
CP_26_PosX=2606.581298
CP_26_PosY=1105.546752
CP_26_PosZ=10.398974
CP_27_PosX=2483.095947
CP_27_PosY=1014.147583
CP_27_PosZ=10.548445
CP_28_PosX=2426.833007
CP_28_PosY=1051.725830
CP_28_PosZ=10.398946
CP_29_PosX=2348.234375
CP_29_PosY=1137.828125
CP_29_PosZ=10.398983
CP_30_PosX=2383.026611
CP_30_PosY=1191.695068
CP_30_PosZ=10.398946
CP_31_PosX=2406.908691
CP_31_PosY=1252.893554
CP_31_PosZ=6.891144
CP_32_PosX=2407.213867
CP_32_PosY=1323.931518
CP_32_PosZ=6.891168
CP_33_PosX=2372.630615
CP_33_PosY=1354.719482
CP_33_PosZ=6.890635
CP_34_PosX=2224.907714
CP_34_PosY=1368.611083
CP_34_PosZ=10.544482
CP_35_PosX=2301.013183
CP_35_PosY=1374.170532
CP_35_PosZ=10.478950
CP_36_PosX=2285.248291
CP_36_PosY=1416.734375
CP_36_PosZ=11.420089
CP_37_PosX=2338.678710
CP_37_PosY=1467.233032
CP_37_PosZ=19.247419
CP_38_PosX=2281.523193
CP_38_PosY=1436.437988
CP_38_PosZ=25.480436
CP_39_PosX=2332.727783
CP_39_PosY=1482.770263
CP_39_PosZ=31.056861
CP_40_PosX=2276.760742
CP_40_PosY=1440.075317
CP_40_PosZ=38.502487
CP_41_PosX=2303.835693
CP_41_PosY=1464.786621
CP_41_PosZ=42.547363
CP_42_PosX=2324.203857
CP_42_PosY=1398.810913
CP_42_PosZ=42.547431
CP_43_PosX=2331.685058
CP_43_PosY=1419.483398
CP_43_PosZ=42.547397
CP_44_PosX=2327.902587
CP_44_PosY=1507.673828
CP_44_PosZ=42.547431
CP_45_PosX=2327.596191
CP_45_PosY=1537.120361
CP_45_PosZ=48.450183
CP_46_PosX=2320.309082
CP_46_PosY=1770.779541
CP_46_PosZ=10.469845
CP_47_PosX=2189.563964
CP_47_PosY=1774.811645
CP_47_PosZ=10.399055
CP_48_PosX=2124.996093
CP_48_PosY=1820.689453
CP_48_PosZ=10.400843
CP_49_PosX=2217.142089
CP_49_PosY=1841.528320
CP_49_PosZ=10.547376
TotalCP=50
BestRacerTime_0=166545
BestRacer_0=[SoD]_Viruz
BestRacerTime_1=172242
BestRacer_1=PRESIDENTE[CB]
BestRacerTime_2=175422
BestRacer_2=[SoD]_Viruz
BestRacerTime_3=231876
BestRacer_3=Codeine[.GP.]
