vModel=586
rType=0
vPosX_0=-1897.260498
vPosY_0=827.161987
vPosZ_0=34.535762
vAngle_0=359.646118
vPosX_1=-1902.832153
vPosY_1=827.220214
vPosZ_1=34.534606
vAngle_1=358.551910
CP_0_PosX=-1899.317260
CP_0_PosY=902.153991
CP_0_PosZ=34.532836
CP_1_PosX=-1885.326293
CP_1_PosY=1068.642700
CP_1_PosZ=44.810264
CP_2_PosX=-1871.148681
CP_2_PosY=1102.669067
CP_2_PosZ=44.816928
CP_3_PosX=-1793.906372
CP_3_PosY=1103.492553
CP_3_PosZ=44.817558
CP_4_PosX=-1795.575805
CP_4_PosY=1185.222534
CP_4_PosZ=24.498268
CP_5_PosX=-1711.588623
CP_5_PosY=1186.267578
CP_5_PosZ=24.486837
